1223.501383 106.069408 0.000000
1231.078376 198.444999 0.000000
1238.638256 289.954456 0.000000
1245.847101 381.187538 0.000000
1252.622868 471.742936 0.000000
1259.312823 561.441430 0.000000
1134.061528 19.165644 0.000000
1142.258262 112.777781 0.000000
1150.216910 206.287832 0.000000
1158.092889 299.244941 0.000000
1165.664058 391.536232 0.000000
1172.825672 483.079564 0.000000
1179.916137 573.964804 0.000000
1186.712952 663.633860 0.000000
1193.296848 752.696907 0.000000
1199.510822 840.725534 0.000000
1205.676289 927.587433 0.000000
1050.356214 25.096955 0.000000
1058.839620 119.865982 0.000000
1067.146372 214.771543 0.000000
1075.307339 308.551518 0.000000
1083.315885 402.042276 0.000000
1090.765027 494.636005 0.000000
1098.408663 586.584681 0.000000
1105.684137 677.658271 0.000000
1112.847597 767.522818 0.000000
1119.515624 856.490027 0.000000
1126.165400 944.326594 0.000000
964.145313 31.303156 0.000000
973.002494 127.447571 0.000000
981.725202 223.172601 0.000000
990.362909 318.361565 0.000000
1022.628970 691.703272 0.000000
1030.184808 782.545786 0.000000
1037.513653 872.467782 0.000000
1044.636375 961.169088 0.000000
875.731491 37.842114 0.000000
885.126719 135.063470 0.000000
894.253817 232.026992 0.000000
903.233977 328.392432 0.000000
937.480417 706.079039 0.000000
945.484431 798.015808 0.000000
953.335584 888.766350 0.000000
961.140889 978.459125 0.000000
785.273200 44.673925 0.000000
794.699156 143.394247 0.000000
804.392268 241.389055 0.000000
813.817489 338.788542 0.000000
850.136076 720.533951 0.000000
858.727370 813.622584 0.000000
867.160599 905.322877 0.000000
875.537354 996.010730 0.000000
692.222294 52.064889 0.000000
702.257407 151.630631 0.000000
712.073859 250.851743 0.000000
722.302687 349.553762 0.000000
732.055612 447.170809 0.000000
741.904035 544.168772 0.000000
751.302520 640.171080 0.000000
760.638973 735.442001 0.000000
769.675773 829.388094 0.000000
778.866443 922.160942 0.000000
597.207407 59.627872 0.000000
607.632850 160.583705 0.000000
618.041595 260.823858 0.000000
628.851741 360.798963 0.000000
638.909379 459.450787 0.000000
649.079899 557.409968 0.000000
659.205141 654.517648 0.000000
669.143203 750.499367 0.000000
679.021047 845.629678 0.000000
688.498846 939.260724 0.000000
499.777994 67.791024 0.000000
510.671576 169.687304 0.000000
521.659749 271.150247 0.000000
532.780681 371.691472 0.000000
543.397059 471.769888 0.000000
554.158621 570.873834 0.000000
564.886651 668.927631 0.000000
575.426057 766.109372 0.000000
585.876001 861.936513 0.000000
596.170093 956.561312 0.000000
400.234822 75.957866 0.000000
411.686306 179.189285 0.000000
423.014809 281.633100 0.000000
434.497001 383.472850 0.000000
445.783832 484.517781 0.000000
457.183917 584.584214 0.000000
468.414527 683.736290 0.000000
479.686944 781.777885 0.000000
490.887033 878.438602 0.000000
501.941518 973.952180 0.000000
298.851796 85.041244 0.000000
310.441525 189.011563 0.000000
322.429827 292.551141 0.000000
334.327016 395.440538 0.000000
346.234230 497.580073 0.000000
358.221571 598.480053 0.000000
370.035152 698.758908 0.000000
381.973330 797.635872 0.000000
393.768926 895.228459 0.000000
405.543980 991.666202 0.000000
