Focal Length:          fc = [2288,809540729356300 2288,928602976796800]
                            [   0,000000000000000    0,000000000000000]
Principal point:       cc = [ 667,153479309553520  493,857331006289090]
                            [   0,000000000000000    0,000000000000000
]alpha:              alpha = [   0,000134497175736][   0,000000000000000]
Distortion:            kc = [  -0,125304320735811    0,035197603266577    0,001522743430742    0,002242982479823   -0,223322722803246]
                            [   0,000000000000000    0,000000000000000    0,000000000000000    0,000000000000000    0,000000000000000]
Translation vector:     T = [ -12,034242386990229    1,792645787944384  407,382921534530960]
Rotation Matrix:        R = [  -0,982943597752720    0,171188721180683    0,067203462540710    0,175119014825915    0,982854248069487    0,057713583307268   -0,056171294121990    0,068497801368267   -0,996068690866435]
Standard Error:     error = [   0,000000000000000]
