Focal Length:          fc = [   0,000000000000000    0,000000000000000]
                            [   0,000000000000000    0,000000000000000]
Principal point:       cc = [   0,000000000000000    0,000000000000000]
                            [   0,000000000000000    0,000000000000000
]alpha:              alpha = [   0,000000000000000][   0,000000000000000]
Distortion:            kc = [   0,000000000000000    0,000000000000000    0,000000000000000    0,000000000000000    0,000000000000000]
                            [   0,000000000000000    0,000000000000000    0,000000000000000    0,000000000000000    0,000000000000000]
Translation vector:     T = [   0,000000000000000    0,000000000000000    0,000000000000000]
Rotation Matrix:        R = [-371754227119452110000000000000000000000000000000000000000000000000000000000000000000000000000000000000000000000000000000000000000000000000000000000000000000000000000000000000000000000000000000000000000000000000000000000000000000000000000000000000000000000000000000000000000000000000000,000000000000000    0,000000000000000    0,000000000000000    0,000000000000000   -0,000000000000000    0,000000000000000    0,000000000000000    0,000000000000000    0,000000000000000]
Standard Error:     error = [   0,000000000000000]
