Focal Length:          fc = [2300,138326990992000 2299,930875255147400]
                            [   0,000000000000000    0,000000000000000]
Principal point:       cc = [ 652,669072716919350  525,310282333050050]
                            [   0,000000000000000    0,000000000000000
]alpha:              alpha = [  -0,000429595007185][   0,000000000000000]
Distortion:            kc = [  -0,126413149027450    0,071197931805211    0,001525553650773    0,002634977693822   -0,537915772272414]
                            [   0,000000000000000    0,000000000000000    0,000000000000000    0,000000000000000    0,000000000000000]
Translation vector:     T = [  23,581120972602619    2,726675463905684  410,150188432104980]
Rotation Matrix:        R = [  -0,887019573703453    0,130989351663357    0,442761861069535    0,174784559349960    0,982813419901593    0,059398143693007   -0,427371774547390    0,130075252881355   -0,894669656861160]
Standard Error:     error = [   0,000000000000000]
