980.108863 38.825814 0.000000
993.648906 135.373679 0.000000
1007.034082 232.139986 0.000000
1020.180831 328.571621 0.000000
1033.361544 424.813227 0.000000
1046.128507 520.664711 0.000000
1058.818833 616.014198 0.000000
1071.177482 710.789674 0.000000
1083.511804 804.875096 0.000000
1095.650293 898.158589 0.000000
1107.392715 990.804731 0.000000
883.318062 52.666251 0.000000
896.865095 149.257926 0.000000
910.253573 245.778894 0.000000
923.196880 342.144258 0.000000
936.866067 438.139674 0.000000
949.966061 533.666582 0.000000
962.797387 628.811394 0.000000
975.589538 723.363427 0.000000
988.188225 817.200321 0.000000
1000.696183 910.428483 0.000000
1012.805963 1002.774259 0.000000
786.771071 66.760105 0.000000
800.351386 163.140680 0.000000
814.044636 259.357014 0.000000
827.090015 355.588312 0.000000
840.787352 451.257154 0.000000
854.074442 546.649778 0.000000
867.276797 641.410426 0.000000
880.292644 735.897322 0.000000
893.209642 829.484449 0.000000
905.957587 922.515742 0.000000
690.700697 80.858734 0.000000
704.413485 176.986761 0.000000
718.095491 273.057606 0.000000
731.744966 368.832843 0.000000
745.143317 464.416002 0.000000
758.649836 559.540713 0.000000
772.110258 654.116559 0.000000
785.453061 748.166293 0.000000
798.578462 841.673254 0.000000
811.729461 934.298591 0.000000
595.255766 95.222537 0.000000
608.993103 191.128706 0.000000
622.727429 286.811555 0.000000
636.483470 382.234084 0.000000
650.164049 477.488592 0.000000
663.750517 572.442667 0.000000
677.405458 666.887784 0.000000
691.052704 760.529229 0.000000
704.436063 853.582531 0.000000
717.788058 945.988503 0.000000
500.282585 109.698502 0.000000
514.104227 205.146545 0.000000
527.993222 300.599352 0.000000
583.380740 679.221191 0.000000
597.308533 772.541451 0.000000
610.994313 865.265669 0.000000
624.630062 957.294556 0.000000
392.339588 29.284559 0.000000
406.265106 124.182145 0.000000
420.112901 219.287447 0.000000
434.010841 314.297442 0.000000
490.021628 691.651274 0.000000
503.981396 784.588075 0.000000
517.980124 876.851553 0.000000
532.121595 968.574187 0.000000
299.129266 44.212119 0.000000
312.871806 138.944926 0.000000
326.768955 233.562284 0.000000
340.794481 328.189406 0.000000
397.419107 703.593537 0.000000
411.626807 796.355269 0.000000
425.899121 888.262613 0.000000
440.237896 979.515985 0.000000
206.655614 59.389006 0.000000
220.444160 153.481058 0.000000
234.433501 247.757227 0.000000
248.544411 342.042307 0.000000
262.875702 435.853850 0.000000
276.981038 529.489758 0.000000
291.256314 622.775160 0.000000
305.671380 715.714030 0.000000
320.193360 807.901729 0.000000
334.687848 899.467462 0.000000
349.222459 990.251033 0.000000
115.395313 74.581092 0.000000
129.112729 168.309264 0.000000
143.054903 262.040488 0.000000
157.787696 355.890665 0.000000
171.487411 449.227924 0.000000
185.840317 542.455903 0.000000
200.377805 635.221054 0.000000
214.902801 727.505422 0.000000
229.623969 819.490806 0.000000
244.262206 910.439674 0.000000
259.111696 1000.822154 0.000000
25.203034 89.923997 0.000000
38.826870 183.044422 0.000000
52.883019 276.359303 0.000000
67.495477 369.353710 0.000000
81.218208 462.483013 0.000000
95.719284 555.207182 0.000000
110.379281 647.468778 0.000000
125.157988 739.409436 0.000000
139.987968 830.622115 0.000000
154.867926 921.296424 0.000000
21.398624 659.634709 0.000000
36.438818 750.958268 0.000000
51.602085 841.655420 0.000000
66.753800 931.688132 0.000000
